1.4168323255845041 3.0340421589185285 -5.93545587700647 -6.189244566322555 6.122173290604645 
-1.425375551336869 -3.507095469571694 7.938438490043962 7.556224149633694 -8.22853043113663 
2.373063357344854 -4.0683525843418815 5.535101258986096 6.381310798993277 -2.1559208124684024 
-0.005006094117610946 1.4977869884613129 0.5462519271144688 0.1452610275461409 1.6782107533703214 
-0.23407444436646424 0.7556168773389321 -1.0276125787391064 -1.0576893476215745 0.560284039028906 
-0.4742967821283309 0.972196854185406 -0.8806984131721969 -1.4579580669430345 0.6006274732473115 
##########
1.6075506237880466 -0.564094028205545 -8.345179984130734 0.4855058398144362 0.657885492746606 0.85248508961199 1.5117941419351804 
4.539206037872521 -10.086194160371365 9.404916243223953 -2.877788392717085 -2.0049364556941898 -2.2778678960969305 -3.1435023671482503 
-8.085132321203611 7.4355829872964305 6.409905329591245 -1.0626745357783813 -1.80321802415578 -2.072344164328691 -3.287708945557144 
##########
